11 0.0953125 0.15 0.09375 0.152083 0.09375 0.635417 0.096875 0.639583 0.192188 0.639583 0.19375 0.6375 0.228125 0.6375 0.229687 0.639583 0.420312 0.639583 0.421875 0.6375 0.428125 0.6375 0.428125 0.633333 0.429688 0.63125 0.429688 0.622917 0.428125 0.620833 0.428125 0.5125 0.429688 0.510417 0.429688 0.410417 0.428125 0.408333 0.428125 0.383333 0.429688 0.38125 0.429688 0.308333 0.428125 0.30625 0.428125 0.208333 0.429688 0.20625 0.429688 0.154167 0.426562 0.15
1 0.482812 0.183333 0.48125 0.185417 0.48125 0.635417 0.484375 0.639583 0.517187 0.639583 0.51875 0.6375 0.795313 0.6375 0.796875 0.635417 0.796875 0.585417 0.798437 0.583333 0.798437 0.360417 0.796875 0.358333 0.796875 0.191667 0.798437 0.189583 0.798437 0.1875 0.795313 0.183333
11 0.0890625 0.158333 0.0875 0.160417 0.0875 0.629167 0.0890625 0.63125 0.0890625 0.635417 0.090625 0.6375 0.129688 0.6375 0.13125 0.639583 0.159375 0.639583 0.160938 0.6375 0.25 0.6375 0.251563 0.639583 0.420312 0.639583 0.423438 0.635417 0.423438 0.254167 0.421875 0.252083 0.421875 0.175 0.423438 0.172917 0.423438 0.1625 0.420312 0.158333
1 0.482812 0.191667 0.48125 0.19375 0.48125 0.635417 0.482812 0.6375 0.482812 0.645833 0.582812 0.645833 0.584375 0.64375 0.623438 0.64375 0.625 0.645833 0.654688 0.645833 0.65625 0.64375 0.659375 0.64375 0.660937 0.645833 0.795313 0.645833 0.796875 0.64375 0.796875 0.55625 0.798437 0.554167 0.798437 0.195833 0.795313 0.191667
11 0.0953125 0.158333 0.09375 0.160417 0.09375 0.627083 0.096875 0.63125 0.426562 0.63125 0.429688 0.627083 0.429688 0.25 0.428125 0.247917 0.428125 0.204167 0.429688 0.202083 0.429688 0.1625 0.426562 0.158333
1 0.482812 0.2 0.48125 0.202083 0.48125 0.641667 0.482812 0.64375 0.482812 0.645833 0.584375 0.645833 0.585938 0.64375 0.665625 0.64375 0.667188 0.645833 0.729688 0.645833 0.73125 0.64375 0.735937 0.64375 0.7375 0.645833 0.795313 0.645833 0.796875 0.64375 0.796875 0.533333 0.798437 0.53125 0.798437 0.204167 0.795313 0.2
11 0.376563 0.141667 0.375 0.14375 0.375 0.652083 0.378125 0.65625 0.379687 0.65625 0.38125 0.654167 0.6125 0.654167 0.614062 0.65625 0.701563 0.65625 0.704687 0.652083 0.704687 0.21875 0.703125 0.216667 0.703125 0.19375 0.704687 0.191667 0.704687 0.145833 0.701563 0.141667
10 0.0453125 0.258333 0.04375 0.260417 0.04375 0.66875 0.046875 0.672917 0.164062 0.672917 0.165625 0.670833 0.235938 0.670833 0.2375 0.672917 0.271875 0.672917 0.273438 0.670833 0.284375 0.670833 0.285937 0.672917 0.296875 0.672917 0.298438 0.670833 0.309375 0.670833 0.309375 0.508333 0.310937 0.50625 0.310937 0.260417 0.309375 0.258333
1 0.770312 0.125 0.76875 0.127083 0.76875 0.635417 0.771875 0.639583 0.840625 0.639583 0.842188 0.6375 0.848437 0.6375 0.85 0.639583 0.896875 0.639583 0.898438 0.6375 0.971875 0.6375 0.971875 0.635417 0.973437 0.633333 0.973437 0.127083 0.971875 0.125
11 0.645312 0.15 0.64375 0.152083 0.64375 0.654167 0.645312 0.65625 0.739062 0.65625 0.740625 0.654167 0.75 0.654167 0.751562 0.65625 0.965625 0.65625 0.967188 0.654167 0.967188 0.4125 0.965625 0.410417 0.965625 0.341667 0.967188 0.339583 0.967188 0.152083 0.965625 0.15
11 0.645312 0.15 0.64375 0.152083 0.64375 0.654167 0.645312 0.65625 0.959375 0.65625 0.960938 0.654167 0.960938 0.152083 0.959375 0.15
10 0.320312 0.275 0.31875 0.277083 0.31875 0.69375 0.321875 0.697917 0.39375 0.697917 0.395312 0.695833 0.396875 0.695833 0.398438 0.697917 0.426562 0.697917 0.428125 0.695833 0.478125 0.695833 0.479688 0.697917 0.584375 0.697917 0.585938 0.695833 0.585938 0.560417 0.584375 0.558333 0.584375 0.3875 0.585938 0.385417 0.585938 0.279167 0.582812 0.275
11 0.651563 0.15 0.65 0.152083 0.65 0.654167 0.651563 0.65625 0.965625 0.65625 0.967188 0.654167 0.967188 0.472917 0.965625 0.470833 0.965625 0.327083 0.967188 0.325 0.967188 0.152083 0.965625 0.15
10 0.157813 0.275 0.15625 0.277083 0.15625 0.629167 0.157813 0.63125 0.36875 0.63125 0.370313 0.629167 0.389062 0.629167 0.390625 0.63125 0.403125 0.63125 0.404687 0.629167 0.409375 0.629167 0.409375 0.627083 0.410937 0.625 0.410937 0.277083 0.409375 0.275
11 0.501562 0.158333 0.5 0.160417 0.5 0.633333 0.501562 0.635417 0.501562 0.6375 0.520312 0.6375 0.521875 0.639583 0.8 0.639583 0.801562 0.6375 0.821875 0.6375 0.821875 0.620833 0.823438 0.61875 0.823438 0.1625 0.820312 0.158333
11 0.220313 0.158333 0.21875 0.160417 0.21875 0.654167 0.220313 0.65625 0.448438 0.65625 0.45 0.654167 0.471875 0.654167 0.473437 0.65625 0.514063 0.65625 0.515625 0.654167 0.528125 0.654167 0.528125 0.65 0.529688 0.647917 0.529688 0.197917 0.528125 0.195833 0.528125 0.175 0.529688 0.172917 0.529688 0.1625 0.526563 0.158333
10 0.0078125 0.275 0.00625 0.277083 0.00625 0.627083 0.009375 0.63125 0.128125 0.63125 0.129688 0.629167 0.132812 0.629167 0.134375 0.627083 0.134375 0.527083 0.132812 0.525 0.132812 0.46875 0.134375 0.466667 0.134375 0.40625 0.135937 0.404167 0.135937 0.289583 0.134375 0.2875 0.134375 0.277083 0.132812 0.277083 0.13125 0.275
1 0.595312 0.183333 0.59375 0.185417 0.59375 0.572917 0.595312 0.575 0.595312 0.579167 0.61875 0.579167 0.620313 0.58125 0.645312 0.58125 0.646875 0.579167 0.698438 0.579167 0.7 0.58125 0.728125 0.58125 0.729688 0.579167 0.764063 0.579167 0.765625 0.58125 0.790625 0.58125 0.792188 0.579167 0.842188 0.579167 0.84375 0.58125 0.903125 0.58125 0.904688 0.579167 0.904688 0.3125 0.903125 0.310417 0.903125 0.272917 0.904688 0.270833 0.904688 0.1875 0.901563 0.183333
11 0.0890625 0.15 0.0875 0.152083 0.0875 0.627083 0.090625 0.63125 0.24375 0.63125 0.245312 0.629167 0.25 0.629167 0.251563 0.63125 0.420312 0.63125 0.423438 0.627083 0.423438 0.252083 0.421875 0.25 0.421875 0.177083 0.423438 0.175 0.423438 0.154167 0.420312 0.15
1 0.482812 0.191667 0.48125 0.19375 0.48125 0.633333 0.482812 0.635417 0.482812 0.645833 0.584375 0.645833 0.585938 0.64375 0.620313 0.64375 0.621875 0.645833 0.796875 0.645833 0.796875 0.558333 0.798437 0.55625 0.798437 0.20625 0.796875 0.204167 0.796875 0.19375 0.795313 0.191667
