11 0.207813 0.141667 0.20625 0.14375 0.20625 0.64375 0.209375 0.647917 0.240625 0.647917 0.242188 0.645833 0.251563 0.645833 0.253125 0.647917 0.29375 0.647917 0.295312 0.645833 0.35 0.645833 0.351562 0.647917 0.520312 0.647917 0.523438 0.64375 0.523438 0.14375 0.521875 0.141667
1 0.589063 0.141667 0.5875 0.14375 0.5875 0.6375 0.589063 0.639583 0.620313 0.639583 0.621875 0.6375 0.9125 0.6375 0.914062 0.639583 0.917188 0.635417 0.917188 0.633333 0.915625 0.63125 0.915625 0.629167 0.917188 0.627083 0.917188 0.497917 0.915625 0.495833 0.915625 0.447917 0.917188 0.445833 0.917188 0.420833 0.915625 0.41875 0.915625 0.18125 0.917188 0.179167 0.917188 0.145833 0.914062 0.141667 0.9125 0.14375 0.901563 0.14375 0.9 0.141667
11 0.201562 0.141667 0.2 0.14375 0.2 0.633333 0.201562 0.635417 0.201562 0.6375 0.35625 0.6375 0.357812 0.639583 0.517187 0.639583 0.51875 0.6375 0.521875 0.6375 0.521875 0.633333 0.523438 0.63125 0.523438 0.495833 0.521875 0.49375 0.521875 0.4125 0.523438 0.410417 0.523438 0.202083 0.521875 0.2 0.521875 0.189583 0.523438 0.1875 0.521875 0.185417 0.521875 0.172917 0.523438 0.170833 0.523438 0.145833 0.520312 0.141667
1 0.589063 0.191667 0.5875 0.19375 0.5875 0.635417 0.589063 0.6375 0.61875 0.6375 0.620313 0.635417 0.640625 0.635417 0.642187 0.6375 0.714063 0.6375 0.715625 0.635417 0.735937 0.635417 0.7375 0.6375 0.88125 0.6375 0.882812 0.639583 0.907812 0.639583 0.910937 0.635417 0.910937 0.404167 0.909375 0.402083 0.909375 0.19375 0.901563 0.19375 0.9 0.191667
11 0.0890625 0.141667 0.0875 0.14375 0.0875 0.627083 0.090625 0.63125 0.420312 0.63125 0.423438 0.627083 0.423438 0.25625 0.421875 0.254167 0.421875 0.14375 0.414062 0.14375 0.4125 0.141667
1 0.482812 0.2 0.48125 0.202083 0.48125 0.633333 0.482812 0.635417 0.482812 0.645833 0.584375 0.645833 0.585938 0.64375 0.621875 0.64375 0.623438 0.645833 0.651563 0.645833 0.653125 0.64375 0.6625 0.64375 0.664062 0.645833 0.795313 0.645833 0.796875 0.64375 0.796875 0.54375 0.798437 0.541667 0.798437 0.314583 0.796875 0.3125 0.796875 0.30625 0.798437 0.304167 0.796875 0.302083 0.796875 0.29375 0.798437 0.291667 0.798437 0.204167 0.795313 0.2
11 0.0890625 0.15 0.0875 0.152083 0.0875 0.629167 0.0890625 0.63125 0.426562 0.63125 0.429688 0.627083 0.429688 0.270833 0.428125 0.26875 0.428125 0.222917 0.429688 0.220833 0.429688 0.154167 0.426562 0.15
1 0.482812 0.158333 0.48125 0.160417 0.48125 0.641667 0.482812 0.64375 0.482812 0.645833 0.5875 0.645833 0.589063 0.64375 0.617188 0.64375 0.61875 0.645833 0.796875 0.645833 0.796875 0.541667 0.798437 0.539583 0.798437 0.289583 0.796875 0.2875 0.796875 0.16875 0.798437 0.166667 0.798437 0.1625 0.795313 0.158333
11 0.0890625 0.15 0.0875 0.152083 0.0875 0.635417 0.090625 0.639583 0.184375 0.639583 0.185937 0.6375 0.329688 0.6375 0.33125 0.639583 0.421875 0.639583 0.423438 0.6375 0.428125 0.6375 0.428125 0.635417 0.429688 0.633333 0.429688 0.154167 0.426562 0.15
1 0.482812 0.133333 0.48125 0.135417 0.48125 0.641667 0.482812 0.64375 0.482812 0.645833 0.595312 0.645833 0.596875 0.64375 0.598437 0.645833 0.796875 0.645833 0.796875 0.591667 0.798437 0.589583 0.798437 0.24375 0.796875 0.241667 0.796875 0.179167 0.798437 0.177083 0.798437 0.1375 0.795313 0.133333
11 0.0890625 0.158333 0.0875 0.160417 0.0875 0.635417 0.090625 0.639583 0.184375 0.639583 0.185937 0.6375 0.332812 0.6375 0.334375 0.639583 0.420312 0.639583 0.423438 0.635417 0.423438 0.24375 0.421875 0.241667 0.421875 0.216667 0.423438 0.214583 0.423438 0.1625 0.420312 0.158333
1 0.482812 0.175 0.48125 0.177083 0.48125 0.641667 0.482812 0.64375 0.482812 0.645833 0.585938 0.645833 0.5875 0.64375 0.614062 0.64375 0.615625 0.645833 0.796875 0.645833 0.796875 0.54375 0.798437 0.541667 0.798437 0.247917 0.796875 0.245833 0.796875 0.177083 0.795313 0.177083 0.79375 0.175
11 0.407813 0.15 0.40625 0.152083 0.40625 0.64375 0.409375 0.647917 0.41875 0.647917 0.420312 0.645833 0.559375 0.645833 0.560938 0.647917 0.721875 0.647917 0.723437 0.645833 0.723437 0.154167 0.720312 0.15
10 0.0640625 0.275 0.0625 0.277083 0.0625 0.710417 0.065625 0.714583 0.142188 0.714583 0.14375 0.7125 0.179688 0.7125 0.18125 0.714583 0.332812 0.714583 0.335938 0.710417 0.335938 0.616667 0.334375 0.614583 0.334375 0.608333 0.335938 0.60625 0.335938 0.539583 0.334375 0.5375 0.334375 0.445833 0.335938 0.44375 0.335938 0.277083 0.334375 0.275
1 0.795313 0.125 0.79375 0.127083 0.79375 0.6375 0.795313 0.639583 0.828125 0.639583 0.829687 0.6375 0.984375 0.6375 0.984375 0.63125 0.985937 0.629167 0.985937 0.129167 0.982813 0.125
10 0.320312 0.275 0.31875 0.277083 0.31875 0.602083 0.321875 0.60625 0.376563 0.60625 0.378125 0.604167 0.423438 0.604167 0.425 0.60625 0.567187 0.60625 0.56875 0.604167 0.584375 0.604167 0.584375 0.547917 0.585938 0.545833 0.585938 0.522917 0.584375 0.520833 0.584375 0.427083 0.585938 0.425 0.585938 0.279167 0.582812 0.275
11 0.651563 0.141667 0.65 0.14375 0.65 0.645833 0.651563 0.647917 0.959375 0.647917 0.960938 0.645833 0.960938 0.14375 0.959375 0.141667
10 0.314063 0.275 0.3125 0.277083 0.3125 0.677083 0.315625 0.68125 0.521875 0.68125 0.523438 0.679167 0.570312 0.679167 0.571875 0.677083 0.582812 0.677083 0.582812 0.66875 0.584375 0.666667 0.584375 0.658333 0.585938 0.65625 0.585938 0.585417 0.584375 0.583333 0.584375 0.414583 0.585938 0.4125 0.585938 0.308333 0.584375 0.30625 0.584375 0.277083 0.582812 0.277083 0.58125 0.275
11 0.645312 0.133333 0.64375 0.135417 0.64375 0.652083 0.646875 0.65625 0.959375 0.65625 0.960938 0.654167 0.960938 0.135417 0.959375 0.133333
11 0.645312 0.15 0.64375 0.152083 0.64375 0.6625 0.645312 0.664583 0.767187 0.664583 0.76875 0.6625 0.88125 0.6625 0.882812 0.664583 0.965625 0.664583 0.967188 0.6625 0.967188 0.491667 0.965625 0.489583 0.965625 0.464583 0.967188 0.4625 0.967188 0.458333 0.965625 0.45625 0.965625 0.36875 0.967188 0.366667 0.967188 0.152083 0.965625 0.15
10 0.314063 0.241667 0.3125 0.24375 0.3125 0.760417 0.315625 0.764583 0.342187 0.764583 0.34375 0.7625 0.38125 0.7625 0.382812 0.764583 0.584375 0.764583 0.585938 0.7625 0.585938 0.591667 0.584375 0.589583 0.584375 0.547917 0.585938 0.545833 0.585938 0.491667 0.584375 0.489583 0.584375 0.452083 0.585938 0.45 0.585938 0.245833 0.582812 0.241667
10 0.320312 0.275 0.31875 0.277083 0.31875 0.670833 0.320312 0.672917 0.576563 0.672917 0.579687 0.66875 0.579687 0.604167 0.578125 0.602083 0.578125 0.56875 0.579687 0.566667 0.579687 0.560417 0.578125 0.558333 0.578125 0.464583 0.579687 0.4625 0.579687 0.439583 0.578125 0.4375 0.578125 0.277083 0.575 0.277083 0.573438 0.275
11 0.645312 0.158333 0.64375 0.160417 0.64375 0.654167 0.645312 0.65625 0.83125 0.65625 0.832812 0.654167 0.8625 0.654167 0.864062 0.65625 0.959375 0.65625 0.960938 0.654167 0.960938 0.160417 0.959375 0.158333
11 0.0953125 0.141667 0.09375 0.14375 0.09375 0.627083 0.096875 0.63125 0.432813 0.63125 0.434375 0.629167 0.434375 0.572917 0.435937 0.570833 0.435937 0.14375 0.434375 0.141667
1 0.482812 0.133333 0.48125 0.135417 0.48125 0.635417 0.482812 0.6375 0.79375 0.6375 0.796875 0.633333 0.796875 0.55 0.798437 0.547917 0.798437 0.26875 0.796875 0.266667 0.796875 0.135417 0.790625 0.135417 0.789062 0.133333
5 0.451562 0.325 0.45 0.327083 0.45 0.525 0.451562 0.527083 0.451562 0.529167 0.470313 0.529167 0.471875 0.527083 0.520312 0.527083 0.521875 0.529167 0.546875 0.529167 0.548437 0.527083 0.551562 0.527083 0.553125 0.525 0.553125 0.520833 0.554688 0.51875 0.554688 0.327083 0.553125 0.325
