11 0.0890625 0.158333 0.0875 0.160417 0.0875 0.635417 0.090625 0.639583 0.0921875 0.639583 0.09375 0.6375 0.296875 0.6375 0.298438 0.639583 0.31875 0.639583 0.320312 0.6375 0.379687 0.6375 0.38125 0.639583 0.4125 0.639583 0.414062 0.6375 0.428125 0.6375 0.428125 0.63125 0.429688 0.629167 0.429688 0.245833 0.428125 0.24375 0.428125 0.225 0.429688 0.222917 0.429688 0.1625 0.426562 0.158333
1 0.482812 0.183333 0.48125 0.185417 0.48125 0.6375 0.482812 0.639583 0.482812 0.645833 0.53125 0.645833 0.532812 0.64375 0.5375 0.64375 0.539062 0.645833 0.58125 0.645833 0.582812 0.64375 0.667188 0.64375 0.66875 0.645833 0.725 0.645833 0.726562 0.64375 0.7375 0.64375 0.739062 0.645833 0.795313 0.645833 0.796875 0.64375 0.796875 0.539583 0.798437 0.5375 0.798437 0.239583 0.796875 0.2375 0.796875 0.220833 0.798437 0.21875 0.798437 0.1875 0.795313 0.183333
11 0.0953125 0.15 0.09375 0.152083 0.09375 0.629167 0.0953125 0.63125 0.420312 0.63125 0.423438 0.627083 0.423438 0.425 0.421875 0.422917 0.421875 0.370833 0.423438 0.36875 0.423438 0.283333 0.421875 0.28125 0.421875 0.152083 0.420312 0.15
1 0.476562 0.183333 0.475 0.185417 0.475 0.635417 0.478125 0.639583 0.5125 0.639583 0.514063 0.6375 0.795313 0.6375 0.796875 0.635417 0.796875 0.597917 0.798437 0.595833 0.798437 0.358333 0.796875 0.35625 0.796875 0.316667 0.798437 0.314583 0.798437 0.289583 0.796875 0.2875 0.796875 0.189583 0.798437 0.1875 0.795313 0.183333
11 0.0890625 0.166667 0.0875 0.16875 0.0875 0.627083 0.090625 0.63125 0.420312 0.63125 0.423438 0.627083 0.423438 0.297917 0.421875 0.295833 0.421875 0.16875 0.415625 0.16875 0.414062 0.166667
1 0.482812 0.191667 0.48125 0.19375 0.48125 0.635417 0.482812 0.6375 0.482812 0.645833 0.584375 0.645833 0.585938 0.64375 0.625 0.64375 0.626562 0.645833 0.64375 0.645833 0.645312 0.64375 0.665625 0.64375 0.667188 0.645833 0.795313 0.645833 0.796875 0.64375 0.796875 0.539583 0.798437 0.5375 0.798437 0.333333 0.796875 0.33125 0.796875 0.275 0.798437 0.272917 0.798437 0.2125 0.796875 0.210417 0.796875 0.19375 0.795313 0.191667
11 0.376563 0.15 0.375 0.152083 0.375 0.635417 0.376563 0.6375 0.376563 0.645833 0.589063 0.645833 0.590625 0.647917 0.703125 0.647917 0.704687 0.645833 0.704687 0.229167 0.703125 0.227083 0.703125 0.177083 0.704687 0.175 0.704687 0.154167 0.701563 0.15
1 0.770312 0.125 0.76875 0.127083 0.76875 0.635417 0.771875 0.639583 0.967188 0.639583 0.96875 0.6375 0.978125 0.6375 0.978125 0.635417 0.979688 0.633333 0.979688 0.127083 0.978125 0.125
10 0.0390625 0.258333 0.0375 0.260417 0.0375 0.66875 0.040625 0.672917 0.157813 0.672917 0.159375 0.670833 0.23125 0.670833 0.232812 0.672917 0.301562 0.672917 0.303125 0.670833 0.315625 0.670833 0.315625 0.48125 0.317187 0.479167 0.317187 0.2625 0.314063 0.258333
11 0.645312 0.141667 0.64375 0.14375 0.64375 0.654167 0.645312 0.65625 0.76875 0.65625 0.770312 0.654167 0.773438 0.654167 0.775 0.65625 0.817187 0.65625 0.81875 0.654167 0.879687 0.654167 0.88125 0.65625 0.971875 0.65625 0.973437 0.654167 0.973437 0.4375 0.971875 0.435417 0.973437 0.433333 0.973437 0.429167 0.971875 0.427083 0.971875 0.2875 0.973437 0.285417 0.973437 0.145833 0.970312 0.141667
10 0.320312 0.275 0.31875 0.277083 0.31875 0.670833 0.320312 0.672917 0.364062 0.672917 0.365625 0.670833 0.384375 0.670833 0.385938 0.672917 0.41875 0.672917 0.420312 0.670833 0.465625 0.670833 0.467187 0.672917 0.582812 0.672917 0.585938 0.66875 0.585938 0.59375 0.584375 0.591667 0.584375 0.56875 0.585938 0.566667 0.585938 0.527083 0.584375 0.525 0.584375 0.439583 0.585938 0.4375 0.585938 0.295833 0.584375 0.29375 0.584375 0.277083 0.582812 0.277083 0.58125 0.275
11 0.645312 0.158333 0.64375 0.160417 0.64375 0.654167 0.645312 0.65625 0.959375 0.65625 0.960938 0.654167 0.960938 0.160417 0.959375 0.158333
10 0.320312 0.275 0.31875 0.277083 0.31875 0.670833 0.320312 0.672917 0.576563 0.672917 0.579687 0.66875 0.579687 0.6 0.578125 0.597917 0.578125 0.56875 0.579687 0.566667 0.579687 0.558333 0.578125 0.55625 0.578125 0.460417 0.579687 0.458333 0.579687 0.4375 0.578125 0.435417 0.578125 0.277083 0.575 0.277083 0.573438 0.275
11 0.645312 0.15 0.64375 0.152083 0.64375 0.6625 0.645312 0.664583 0.767187 0.664583 0.76875 0.6625 0.795313 0.6625 0.796875 0.664583 0.815625 0.664583 0.817187 0.6625 0.932813 0.6625 0.934375 0.664583 0.957812 0.664583 0.960938 0.660417 0.960938 0.152083 0.959375 0.15
10 0.314063 0.275 0.3125 0.277083 0.3125 0.704167 0.314063 0.70625 0.354688 0.70625 0.35625 0.704167 0.451562 0.704167 0.453125 0.70625 0.584375 0.70625 0.585938 0.704167 0.585938 0.527083 0.584375 0.525 0.584375 0.34375 0.585938 0.341667 0.585938 0.28125 0.584375 0.279167 0.584375 0.277083 0.582812 0.275
10 0.189063 0.275 0.1875 0.277083 0.1875 0.6375 0.189063 0.639583 0.445312 0.639583 0.448438 0.635417 0.448438 0.602083 0.446875 0.6 0.446875 0.377083 0.448438 0.375 0.448438 0.279167 0.445312 0.275
11 0.526563 0.158333 0.525 0.160417 0.525 0.652083 0.526563 0.654167 0.542188 0.654167 0.54375 0.65625 0.59375 0.65625 0.595312 0.654167 0.621875 0.654167 0.623438 0.65625 0.660937 0.65625 0.6625 0.654167 0.851562 0.654167 0.853125 0.652083 0.853125 0.641667 0.854688 0.639583 0.854688 0.252083 0.853125 0.25 0.853125 0.160417 0.85 0.160417 0.848437 0.158333
