11 0.132812 0.158333 0.13125 0.160417 0.13125 0.627083 0.134375 0.63125 0.139062 0.63125 0.140625 0.629167 0.2625 0.629167 0.264062 0.63125 0.459375 0.63125 0.460938 0.629167 0.460938 0.1625 0.457812 0.158333
1 0.520312 0.183333 0.51875 0.185417 0.51875 0.645833 0.520312 0.647917 0.639063 0.647917 0.640625 0.645833 0.839063 0.645833 0.840625 0.64375 0.840625 0.622917 0.842188 0.620833 0.842188 0.3625 0.840625 0.360417 0.840625 0.185417 0.839063 0.185417 0.8375 0.183333
11 0.126563 0.15 0.125 0.152083 0.125 0.629167 0.126563 0.63125 0.457812 0.63125 0.460938 0.627083 0.460938 0.154167 0.457812 0.15 0.45625 0.152083 0.445312 0.152083 0.44375 0.15
1 0.514063 0.191667 0.5125 0.19375 0.5125 0.6375 0.514063 0.639583 0.567187 0.639583 0.56875 0.6375 0.579687 0.6375 0.58125 0.639583 0.814062 0.639583 0.815625 0.6375 0.834375 0.6375 0.834375 0.633333 0.835938 0.63125 0.835938 0.316667 0.834375 0.314583 0.834375 0.19375 0.832812 0.19375 0.83125 0.191667
11 0.0890625 0.15 0.0875 0.152083 0.0875 0.627083 0.090625 0.63125 0.420312 0.63125 0.423438 0.627083 0.423438 0.2625 0.421875 0.260417 0.421875 0.1875 0.423438 0.185417 0.423438 0.154167 0.420312 0.15
1 0.482812 0.191667 0.48125 0.19375 0.48125 0.635417 0.482812 0.6375 0.482812 0.645833 0.584375 0.645833 0.585938 0.64375 0.621875 0.64375 0.623438 0.645833 0.65 0.645833 0.651563 0.64375 0.664062 0.64375 0.665625 0.645833 0.795313 0.645833 0.796875 0.64375 0.796875 0.54375 0.798437 0.541667 0.798437 0.302083 0.796875 0.3 0.796875 0.29375 0.798437 0.291667 0.798437 0.195833 0.795313 0.191667
11 0.0890625 0.141667 0.0875 0.14375 0.0875 0.63125 0.0890625 0.633333 0.0890625 0.6375 0.121875 0.6375 0.123438 0.639583 0.159375 0.639583 0.160938 0.6375 0.257812 0.6375 0.259375 0.639583 0.420312 0.639583 0.423438 0.635417 0.423438 0.25625 0.421875 0.254167 0.421875 0.15625 0.423438 0.154167 0.423438 0.15 0.421875 0.147917 0.421875 0.14375 0.420312 0.141667
1 0.482812 0.2 0.48125 0.202083 0.48125 0.635417 0.484375 0.639583 0.504687 0.639583 0.50625 0.6375 0.626562 0.6375 0.628125 0.639583 0.632812 0.639583 0.634375 0.6375 0.66875 0.6375 0.670313 0.639583 0.726562 0.639583 0.728125 0.6375 0.759375 0.6375 0.760938 0.639583 0.776563 0.639583 0.778125 0.6375 0.795313 0.6375 0.796875 0.635417 0.796875 0.539583 0.798437 0.5375 0.798437 0.3 0.796875 0.297917 0.796875 0.29375 0.798437 0.291667 0.798437 0.204167 0.795313 0.2
11 0.0890625 0.158333 0.0875 0.160417 0.0875 0.635417 0.090625 0.639583 0.0953125 0.639583 0.096875 0.6375 0.29375 0.6375 0.295312 0.639583 0.326562 0.639583 0.328125 0.6375 0.360938 0.6375 0.3625 0.639583 0.414062 0.639583 0.415625 0.6375 0.428125 0.6375 0.428125 0.63125 0.429688 0.629167 0.429688 0.270833 0.428125 0.26875 0.428125 0.210417 0.429688 0.208333 0.429688 0.1625 0.426562 0.158333
1 0.482812 0.141667 0.48125 0.14375 0.48125 0.639583 0.482812 0.641667 0.482812 0.645833 0.584375 0.645833 0.585938 0.64375 0.664062 0.64375 0.665625 0.645833 0.795313 0.645833 0.796875 0.64375 0.796875 0.5375 0.798437 0.535417 0.798437 0.258333 0.796875 0.25625 0.796875 0.19375 0.798437 0.191667 0.798437 0.145833 0.795313 0.141667
