11 0.0890625 0.166667 0.0875 0.16875 0.0875 0.620833 0.0890625 0.622917 0.151562 0.622917 0.153125 0.620833 0.179688 0.620833 0.18125 0.622917 0.420312 0.622917 0.423438 0.61875 0.423438 0.2625 0.421875 0.260417 0.421875 0.16875 0.414062 0.16875 0.4125 0.166667
1 0.482812 0.191667 0.48125 0.19375 0.48125 0.6375 0.482812 0.639583 0.482812 0.645833 0.585938 0.645833 0.5875 0.64375 0.610937 0.64375 0.6125 0.645833 0.796875 0.645833 0.796875 0.541667 0.798437 0.539583 0.798437 0.31875 0.796875 0.316667 0.796875 0.279167 0.798437 0.277083 0.798437 0.195833 0.795313 0.191667
11 0.0953125 0.141667 0.09375 0.14375 0.09375 0.620833 0.0953125 0.622917 0.151562 0.622917 0.153125 0.620833 0.182812 0.620833 0.184375 0.622917 0.432813 0.622917 0.435937 0.61875 0.435937 0.14375 0.434375 0.141667
1 0.482812 0.133333 0.48125 0.135417 0.48125 0.635417 0.482812 0.6375 0.484375 0.6375 0.485938 0.639583 0.490625 0.639583 0.492188 0.6375 0.795313 0.6375 0.796875 0.635417 0.796875 0.554167 0.798437 0.552083 0.798437 0.26875 0.796875 0.266667 0.796875 0.195833 0.798437 0.19375 0.798437 0.147917 0.796875 0.145833 0.796875 0.135417 0.795313 0.135417 0.79375 0.133333
10 0.0578125 0.275 0.05625 0.277083 0.05625 0.689583 0.0578125 0.691667 0.0578125 0.695833 0.0875 0.695833 0.0890625 0.697917 0.096875 0.697917 0.0984375 0.695833 0.125 0.695833 0.126563 0.69375 0.142188 0.69375 0.14375 0.695833 0.167187 0.695833 0.16875 0.697917 0.332812 0.697917 0.335938 0.69375 0.335938 0.59375 0.334375 0.591667 0.334375 0.416667 0.335938 0.414583 0.335938 0.279167 0.332812 0.275
1 0.782812 0.175 0.78125 0.177083 0.78125 0.635417 0.784375 0.639583 0.840625 0.639583 0.842188 0.6375 0.882812 0.6375 0.884375 0.639583 0.904688 0.639583 0.90625 0.6375 0.971875 0.6375 0.971875 0.633333 0.973437 0.63125 0.973437 0.177083 0.971875 0.175
11 0.401563 0.158333 0.4 0.160417 0.4 0.6375 0.401563 0.639583 0.401563 0.645833 0.540625 0.645833 0.542188 0.647917 0.721875 0.647917 0.723437 0.645833 0.723437 0.239583 0.721875 0.2375 0.721875 0.202083 0.723437 0.2 0.723437 0.1625 0.720312 0.158333
11 0.639063 0.141667 0.6375 0.14375 0.6375 0.6625 0.639063 0.664583 0.764063 0.664583 0.765625 0.6625 0.935938 0.6625 0.9375 0.664583 0.964063 0.664583 0.967188 0.660417 0.967188 0.489583 0.965625 0.4875 0.965625 0.466667 0.967188 0.464583 0.967188 0.45625 0.965625 0.454167 0.965625 0.372917 0.967188 0.370833 0.967188 0.14375 0.965625 0.141667
10 0.320312 0.25 0.31875 0.252083 0.31875 0.6375 0.320312 0.639583 0.582812 0.639583 0.585938 0.635417 0.585938 0.610417 0.584375 0.608333 0.584375 0.547917 0.585938 0.545833 0.585938 0.252083 0.584375 0.25
11 0.645312 0.141667 0.64375 0.14375 0.64375 0.654167 0.645312 0.65625 0.764063 0.65625 0.765625 0.654167 0.782812 0.654167 0.784375 0.65625 0.817187 0.65625 0.81875 0.654167 0.878125 0.654167 0.879687 0.65625 0.965625 0.65625 0.967188 0.654167 0.967188 0.420833 0.965625 0.41875 0.965625 0.352083 0.967188 0.35 0.967188 0.14375 0.965625 0.141667
10 0.320312 0.275 0.31875 0.277083 0.31875 0.74375 0.321875 0.747917 0.584375 0.747917 0.585938 0.745833 0.585938 0.589583 0.584375 0.5875 0.584375 0.577083 0.585938 0.575 0.585938 0.522917 0.584375 0.520833 0.584375 0.43125 0.585938 0.429167 0.585938 0.370833 0.584375 0.36875 0.584375 0.339583 0.585938 0.3375 0.585938 0.308333 0.584375 0.30625 0.584375 0.277083 0.58125 0.277083 0.579687 0.275
11 0.645312 0.141667 0.64375 0.14375 0.64375 0.654167 0.645312 0.65625 0.740625 0.65625 0.742188 0.654167 0.748438 0.654167 0.75 0.65625 0.965625 0.65625 0.967188 0.654167 0.967188 0.477083 0.965625 0.475 0.965625 0.466667 0.967188 0.464583 0.967188 0.45625 0.965625 0.454167 0.965625 0.45 0.967188 0.447917 0.967188 0.44375 0.965625 0.441667 0.965625 0.308333 0.967188 0.30625 0.967188 0.14375 0.965625 0.141667
11 0.645312 0.133333 0.64375 0.135417 0.64375 0.654167 0.645312 0.65625 0.767187 0.65625 0.76875 0.654167 0.773438 0.654167 0.775 0.65625 0.817187 0.65625 0.81875 0.654167 0.878125 0.654167 0.879687 0.65625 0.959375 0.65625 0.960938 0.654167 0.960938 0.135417 0.959375 0.133333
10 0.0203125 0.275 0.01875 0.277083 0.01875 0.65625 0.0203125 0.658333 0.0203125 0.6625 0.1375 0.6625 0.139062 0.664583 0.140625 0.664583 0.142188 0.6625 0.190625 0.6625 0.192188 0.664583 0.246875 0.664583 0.248437 0.6625 0.253125 0.6625 0.253125 0.660417 0.254687 0.658333 0.254687 0.277083 0.253125 0.275
11 0.326562 0.158333 0.325 0.160417 0.325 0.645833 0.326562 0.647917 0.326562 0.652083 0.328125 0.654167 0.34375 0.654167 0.345313 0.652083 0.485938 0.652083 0.4875 0.654167 0.59375 0.654167 0.595312 0.65625 0.639063 0.65625 0.642187 0.652083 0.642187 0.160417 0.640625 0.158333
1 0.714063 0.158333 0.7125 0.160417 0.7125 0.63125 0.714063 0.633333 0.714063 0.6375 0.804688 0.6375 0.80625 0.639583 0.815625 0.639583 0.817187 0.6375 0.840625 0.6375 0.842188 0.639583 0.964063 0.639583 0.967188 0.635417 0.967188 0.404167 0.965625 0.402083 0.965625 0.3625 0.967188 0.360417 0.967188 0.160417 0.965625 0.158333
11 0.0953125 0.15 0.09375 0.152083 0.09375 0.620833 0.0953125 0.622917 0.426562 0.622917 0.429688 0.61875 0.429688 0.25 0.428125 0.247917 0.428125 0.222917 0.429688 0.220833 0.429688 0.21875 0.428125 0.216667 0.428125 0.210417 0.429688 0.208333 0.429688 0.154167 0.426562 0.15
1 0.482812 0.133333 0.48125 0.135417 0.48125 0.635417 0.484375 0.639583 0.501562 0.639583 0.503125 0.6375 0.764063 0.6375 0.765625 0.639583 0.778125 0.639583 0.779688 0.6375 0.796875 0.6375 0.796875 0.541667 0.798437 0.539583 0.798437 0.3875 0.796875 0.385417 0.796875 0.135417 0.792188 0.135417 0.790625 0.133333
