11 0.0890625 0.158333 0.0875 0.160417 0.0875 0.635417 0.090625 0.639583 0.0921875 0.639583 0.09375 0.6375 0.298438 0.6375 0.3 0.639583 0.317187 0.639583 0.31875 0.6375 0.384375 0.6375 0.385938 0.639583 0.4125 0.639583 0.414062 0.6375 0.428125 0.6375 0.428125 0.63125 0.429688 0.629167 0.429688 0.245833 0.428125 0.24375 0.429688 0.241667 0.429688 0.235417 0.428125 0.233333 0.428125 0.227083 0.429688 0.225 0.429688 0.1625 0.426562 0.158333
1 0.482812 0.166667 0.48125 0.16875 0.48125 0.635417 0.484375 0.639583 0.504687 0.639583 0.50625 0.6375 0.675 0.6375 0.676562 0.639583 0.71875 0.639583 0.720312 0.6375 0.753125 0.6375 0.754687 0.639583 0.779688 0.639583 0.78125 0.6375 0.795313 0.6375 0.796875 0.635417 0.796875 0.5375 0.798437 0.535417 0.798437 0.2375 0.796875 0.235417 0.796875 0.222917 0.798437 0.220833 0.798437 0.170833 0.795313 0.166667
11 0.0953125 0.141667 0.09375 0.14375 0.09375 0.629167 0.0953125 0.63125 0.420312 0.63125 0.423438 0.627083 0.423438 0.272917 0.421875 0.270833 0.421875 0.14375 0.420312 0.14375 0.41875 0.141667
1 0.476562 0.183333 0.475 0.185417 0.475 0.635417 0.478125 0.639583 0.5125 0.639583 0.514063 0.6375 0.795313 0.6375 0.796875 0.635417 0.796875 0.591667 0.798437 0.589583 0.798437 0.364583 0.796875 0.3625 0.796875 0.310417 0.798437 0.308333 0.798437 0.295833 0.796875 0.29375 0.796875 0.185417 0.795313 0.185417 0.79375 0.183333
11 0.0890625 0.158333 0.0875 0.160417 0.0875 0.6375 0.0890625 0.639583 0.203125 0.639583 0.204688 0.6375 0.332812 0.6375 0.334375 0.639583 0.41875 0.639583 0.420312 0.6375 0.428125 0.6375 0.428125 0.633333 0.429688 0.63125 0.429688 0.266667 0.428125 0.264583 0.428125 0.210417 0.429688 0.208333 0.429688 0.1625 0.426562 0.158333
1 0.482812 0.2 0.48125 0.202083 0.48125 0.64375 0.482812 0.645833 0.585938 0.645833 0.5875 0.64375 0.614062 0.64375 0.615625 0.645833 0.796875 0.645833 0.796875 0.5375 0.798437 0.535417 0.798437 0.247917 0.796875 0.245833 0.796875 0.202083 0.795313 0.202083 0.79375 0.2
10 0.0203125 0.266667 0.01875 0.26875 0.01875 0.635417 0.021875 0.639583 0.0421875 0.639583 0.04375 0.6375 0.13125 0.6375 0.132812 0.635417 0.192188 0.635417 0.19375 0.6375 0.217187 0.6375 0.21875 0.639583 0.257812 0.639583 0.260938 0.635417 0.260938 0.295833 0.259375 0.29375 0.259375 0.26875 0.254687 0.26875 0.253125 0.266667
11 0.351562 0.158333 0.35 0.160417 0.35 0.639583 0.351562 0.641667 0.351562 0.652083 0.353125 0.654167 0.354688 0.654167 0.35625 0.652083 0.370313 0.652083 0.371875 0.654167 0.440625 0.654167 0.442187 0.65625 0.58125 0.65625 0.582812 0.654167 0.590625 0.654167 0.592188 0.65625 0.642187 0.65625 0.64375 0.654167 0.6625 0.654167 0.665625 0.65 0.665625 0.633333 0.667188 0.63125 0.667188 0.385417 0.665625 0.383333 0.665625 0.358333 0.667188 0.35625 0.667188 0.235417 0.665625 0.233333 0.665625 0.177083 0.667188 0.175 0.667188 0.1625 0.664062 0.158333
1 0.732813 0.166667 0.73125 0.16875 0.73125 0.585417 0.734375 0.589583 0.928125 0.589583 0.929688 0.5875 0.951563 0.5875 0.953125 0.585417 0.953125 0.579167 0.954687 0.577083 0.954687 0.16875 0.953125 0.166667
10 0.301562 0.275 0.3 0.277083 0.3 0.629167 0.301562 0.63125 0.301562 0.635417 0.303125 0.6375 0.33125 0.6375 0.332812 0.635417 0.485938 0.635417 0.4875 0.6375 0.529688 0.6375 0.53125 0.639583 0.564062 0.639583 0.567187 0.635417 0.567187 0.529167 0.565625 0.527083 0.565625 0.489583 0.567187 0.4875 0.567187 0.414583 0.565625 0.4125 0.565625 0.316667 0.564062 0.314583 0.564062 0.29375 0.565625 0.291667 0.565625 0.277083 0.560938 0.277083 0.559375 0.275
11 0.651563 0.175 0.65 0.177083 0.65 0.645833 0.651563 0.647917 0.809375 0.647917 0.810938 0.645833 0.953125 0.645833 0.953125 0.6375 0.954687 0.635417 0.954687 0.179167 0.951563 0.175
10 0.320312 0.275 0.31875 0.277083 0.31875 0.629167 0.320312 0.63125 0.570312 0.63125 0.573438 0.627083 0.573438 0.34375 0.571875 0.341667 0.571875 0.3 0.573438 0.297917 0.573438 0.279167 0.570312 0.275
11 0.676562 0.166667 0.675 0.16875 0.675 0.645833 0.676562 0.647917 0.714063 0.647917 0.715625 0.645833 0.75 0.645833 0.751562 0.647917 0.815625 0.647917 0.817187 0.645833 0.8625 0.645833 0.864062 0.647917 0.90625 0.647917 0.907812 0.645833 0.946875 0.645833 0.946875 0.639583 0.948438 0.6375 0.948438 0.539583 0.946875 0.5375 0.946875 0.504167 0.948438 0.502083 0.948438 0.16875 0.946875 0.166667
10 0.320312 0.266667 0.31875 0.26875 0.31875 0.635417 0.321875 0.639583 0.326562 0.639583 0.328125 0.6375 0.39375 0.6375 0.395312 0.635417 0.4 0.635417 0.401563 0.6375 0.429688 0.6375 0.43125 0.635417 0.515625 0.635417 0.517187 0.6375 0.546875 0.6375 0.548437 0.639583 0.576563 0.639583 0.579687 0.635417 0.579687 0.270833 0.576563 0.266667
11 0.676562 0.166667 0.675 0.16875 0.675 0.645833 0.676562 0.647917 0.810938 0.647917 0.8125 0.645833 0.953125 0.645833 0.953125 0.6375 0.954687 0.635417 0.954687 0.522917 0.953125 0.520833 0.953125 0.502083 0.954687 0.5 0.954687 0.16875 0.953125 0.166667
10 0.320312 0.275 0.31875 0.277083 0.31875 0.629167 0.320312 0.63125 0.535937 0.63125 0.5375 0.629167 0.571875 0.629167 0.573438 0.627083 0.573438 0.341667 0.571875 0.339583 0.571875 0.297917 0.573438 0.295833 0.573438 0.279167 0.570312 0.275
11 0.676562 0.166667 0.675 0.16875 0.675 0.645833 0.676562 0.647917 0.70625 0.647917 0.707812 0.645833 0.759375 0.645833 0.760938 0.647917 0.8125 0.647917 0.814062 0.645833 0.8625 0.645833 0.864062 0.647917 0.91875 0.647917 0.920313 0.645833 0.946875 0.645833 0.946875 0.63125 0.948438 0.629167 0.948438 0.622917 0.946875 0.620833 0.946875 0.616667 0.948438 0.614583 0.948438 0.541667 0.946875 0.539583 0.946875 0.50625 0.948438 0.504167 0.948438 0.16875 0.946875 0.166667
10 0.182812 0.275 0.18125 0.277083 0.18125 0.635417 0.184375 0.639583 0.1875 0.639583 0.189063 0.6375 0.246875 0.6375 0.248437 0.635417 0.389062 0.635417 0.390625 0.6375 0.446875 0.6375 0.446875 0.633333 0.448438 0.63125 0.448438 0.497917 0.446875 0.495833 0.446875 0.45625 0.448438 0.454167 0.448438 0.279167 0.445312 0.275
11 0.532812 0.166667 0.53125 0.16875 0.53125 0.64375 0.532812 0.645833 0.532812 0.652083 0.534375 0.654167 0.673437 0.654167 0.675 0.65625 0.784375 0.65625 0.785937 0.654167 0.801562 0.654167 0.803125 0.65625 0.848437 0.65625 0.85 0.654167 0.853125 0.654167 0.853125 0.652083 0.854688 0.65 0.854688 0.16875 0.853125 0.166667
11 0.226562 0.166667 0.225 0.16875 0.225 0.652083 0.228125 0.65625 0.248437 0.65625 0.25 0.654167 0.278125 0.654167 0.279687 0.65625 0.440625 0.65625 0.442187 0.654167 0.545313 0.654167 0.546875 0.652083 0.546875 0.647917 0.548437 0.645833 0.548437 0.170833 0.545313 0.166667
10 0 0.275 0 0.639583 0.00625 0.639583 0.0078125 0.6375 0.025 0.6375 0.0265625 0.635417 0.028125 0.6375 0.146875 0.6375 0.146875 0.635417 0.148438 0.633333 0.148438 0.53125 0.146875 0.529167 0.146875 0.470833 0.148438 0.46875 0.148438 0.29375 0.146875 0.291667 0.146875 0.277083 0.142188 0.277083 0.140625 0.275
1 0.601562 0.175 0.6 0.177083 0.6 0.579167 0.601562 0.58125 0.75625 0.58125 0.757812 0.579167 0.760938 0.579167 0.7625 0.58125 0.804688 0.58125 0.80625 0.579167 0.867188 0.579167 0.86875 0.58125 0.907812 0.58125 0.910937 0.577083 0.910937 0.427083 0.909375 0.425 0.909375 0.352083 0.910937 0.35 0.910937 0.177083 0.909375 0.175
11 0.0953125 0.158333 0.09375 0.160417 0.09375 0.647917 0.0953125 0.65 0.0953125 0.654167 0.201562 0.654167 0.203125 0.65625 0.315625 0.65625 0.317187 0.654167 0.426562 0.654167 0.428125 0.652083 0.428125 0.641667 0.429688 0.639583 0.429688 0.1625 0.426562 0.158333 0.417188 0.158333 0.415625 0.160417 0.414062 0.160417 0.4125 0.158333
1 0.482812 0.175 0.48125 0.177083 0.48125 0.566667 0.482812 0.56875 0.482812 0.570833 0.492188 0.570833 0.49375 0.572917 0.651563 0.572917 0.653125 0.570833 0.742188 0.570833 0.74375 0.56875 0.754687 0.56875 0.75625 0.570833 0.782812 0.570833 0.784375 0.56875 0.784375 0.34375 0.785937 0.341667 0.785937 0.179167 0.782812 0.175
