11 0.0890625 0.158333 0.0875 0.160417 0.0875 0.625 0.0890625 0.627083 0.0890625 0.629167 0.2625 0.629167 0.264062 0.63125 0.426562 0.63125 0.429688 0.627083 0.429688 0.233333 0.428125 0.23125 0.428125 0.227083 0.429688 0.225 0.429688 0.1625 0.426562 0.158333
1 0.482812 0.166667 0.48125 0.16875 0.48125 0.63125 0.482812 0.633333 0.482812 0.6375 0.529688 0.6375 0.53125 0.635417 0.551562 0.635417 0.553125 0.6375 0.792188 0.6375 0.79375 0.635417 0.795313 0.635417 0.795313 0.633333 0.796875 0.63125 0.796875 0.5375 0.798437 0.535417 0.798437 0.241667 0.796875 0.239583 0.796875 0.214583 0.798437 0.2125 0.798437 0.170833 0.795313 0.166667
11 0.0953125 0.141667 0.09375 0.14375 0.09375 0.627083 0.096875 0.63125 0.420312 0.63125 0.423438 0.627083 0.423438 0.397917 0.421875 0.395833 0.421875 0.375 0.423438 0.372917 0.423438 0.28125 0.421875 0.279167 0.421875 0.14375 0.41875 0.14375 0.417188 0.141667
1 0.476562 0.183333 0.475 0.185417 0.475 0.629167 0.476562 0.63125 0.71875 0.63125 0.720312 0.629167 0.734375 0.629167 0.735937 0.63125 0.782812 0.63125 0.784375 0.629167 0.795313 0.629167 0.796875 0.627083 0.796875 0.591667 0.798437 0.589583 0.798437 0.333333 0.796875 0.33125 0.796875 0.327083 0.798437 0.325 0.798437 0.2875 0.796875 0.285417 0.796875 0.185417 0.79375 0.185417 0.792188 0.183333
11 0.0953125 0.158333 0.09375 0.160417 0.09375 0.627083 0.096875 0.63125 0.16875 0.63125 0.170312 0.629167 0.184375 0.629167 0.185937 0.63125 0.426562 0.63125 0.429688 0.627083 0.429688 0.260417 0.428125 0.258333 0.428125 0.204167 0.429688 0.202083 0.429688 0.1625 0.426562 0.158333
1 0.482812 0.141667 0.48125 0.14375 0.48125 0.635417 0.482812 0.6375 0.79375 0.6375 0.795313 0.635417 0.796875 0.635417 0.796875 0.54375 0.798437 0.541667 0.798437 0.372917 0.796875 0.370833 0.796875 0.158333 0.798437 0.15625 0.798437 0.15 0.796875 0.147917 0.796875 0.14375 0.79375 0.14375 0.792188 0.141667
11 0.376563 0.15 0.375 0.152083 0.375 0.64375 0.378125 0.647917 0.379687 0.645833 0.410937 0.645833 0.4125 0.647917 0.428125 0.647917 0.429688 0.645833 0.5375 0.645833 0.539062 0.647917 0.690625 0.647917 0.692187 0.645833 0.692187 0.154167 0.689062 0.15
10 0.0328125 0.266667 0.03125 0.26875 0.03125 0.6375 0.0328125 0.639583 0.192188 0.639583 0.19375 0.6375 0.225 0.6375 0.226562 0.639583 0.295312 0.639583 0.298438 0.635417 0.298438 0.610417 0.296875 0.608333 0.296875 0.564583 0.298438 0.5625 0.298438 0.560417 0.296875 0.558333 0.296875 0.408333 0.298438 0.40625 0.298438 0.26875 0.296875 0.266667
1 0.764063 0.125 0.7625 0.127083 0.7625 0.635417 0.764063 0.6375 0.771875 0.6375 0.773438 0.639583 0.825 0.639583 0.826563 0.6375 0.853125 0.6375 0.854688 0.639583 0.889063 0.639583 0.890625 0.6375 0.94375 0.6375 0.945312 0.639583 0.970312 0.639583 0.973437 0.635417 0.973437 0.127083 0.971875 0.125
11 0.645312 0.15 0.64375 0.152083 0.64375 0.654167 0.645312 0.65625 0.732813 0.65625 0.734375 0.654167 0.751562 0.654167 0.753125 0.65625 0.965625 0.65625 0.967188 0.654167 0.967188 0.458333 0.965625 0.45625 0.965625 0.320833 0.967188 0.31875 0.967188 0.152083 0.965625 0.15
10 0.320312 0.275 0.31875 0.277083 0.31875 0.752083 0.321875 0.75625 0.517187 0.75625 0.51875 0.754167 0.528125 0.754167 0.529688 0.75625 0.584375 0.75625 0.585938 0.754167 0.585938 0.589583 0.584375 0.5875 0.584375 0.577083 0.585938 0.575 0.585938 0.279167 0.582812 0.275
11 0.645312 0.158333 0.64375 0.160417 0.64375 0.654167 0.645312 0.65625 0.959375 0.65625 0.960938 0.654167 0.960938 0.160417 0.959375 0.158333
10 0.320312 0.275 0.31875 0.277083 0.31875 0.670833 0.320312 0.672917 0.576563 0.672917 0.579687 0.66875 0.579687 0.595833 0.578125 0.59375 0.578125 0.58125 0.579687 0.579167 0.579687 0.54375 0.578125 0.541667 0.578125 0.466667 0.579687 0.464583 0.579687 0.43125 0.578125 0.429167 0.578125 0.277083 0.575 0.277083 0.573438 0.275
11 0.645312 0.15 0.64375 0.152083 0.64375 0.6625 0.645312 0.664583 0.767187 0.664583 0.76875 0.6625 0.93125 0.6625 0.932813 0.664583 0.964063 0.664583 0.967188 0.660417 0.967188 0.489583 0.965625 0.4875 0.965625 0.46875 0.967188 0.466667 0.967188 0.441667 0.965625 0.439583 0.965625 0.36875 0.967188 0.366667 0.967188 0.152083 0.965625 0.15
10 0.320312 0.25 0.31875 0.252083 0.31875 0.620833 0.320312 0.622917 0.582812 0.622917 0.585938 0.61875 0.585938 0.608333 0.584375 0.60625 0.584375 0.54375 0.585938 0.541667 0.585938 0.510417 0.584375 0.508333 0.584375 0.441667 0.585938 0.439583 0.585938 0.254167 0.582812 0.25
10 0.126563 0.275 0.125 0.277083 0.125 0.652083 0.128125 0.65625 0.139062 0.65625 0.140625 0.654167 0.157813 0.654167 0.159375 0.652083 0.185937 0.652083 0.1875 0.654167 0.240625 0.654167 0.242188 0.652083 0.270312 0.652083 0.271875 0.654167 0.317187 0.654167 0.31875 0.652083 0.376563 0.652083 0.378125 0.65 0.378125 0.647917 0.379687 0.645833 0.379687 0.277083 0.378125 0.275
11 0.470313 0.15 0.46875 0.152083 0.46875 0.6375 0.470313 0.639583 0.470313 0.64375 0.471875 0.645833 0.626562 0.645833 0.628125 0.647917 0.782812 0.647917 0.785937 0.64375 0.785937 0.154167 0.782812 0.15
1 0.845312 0.175 0.84375 0.177083 0.84375 0.64375 0.846875 0.647917 0.998438 0.647917 0.998438 0.175
11 0.157813 0.141667 0.15625 0.14375 0.15625 0.629167 0.157813 0.63125 0.484375 0.63125 0.485938 0.629167 0.485938 0.222917 0.484375 0.220833 0.484375 0.191667 0.485938 0.189583 0.485938 0.145833 0.482812 0.141667
1 0.539062 0.166667 0.5375 0.16875 0.5375 0.66875 0.540625 0.672917 0.692187 0.672917 0.69375 0.670833 0.714063 0.670833 0.715625 0.672917 0.734375 0.672917 0.735937 0.670833 0.75 0.670833 0.751562 0.672917 0.760938 0.672917 0.7625 0.670833 0.865625 0.670833 0.865625 0.660417 0.867188 0.658333 0.867188 0.489583 0.865625 0.4875 0.865625 0.30625 0.867188 0.304167 0.867188 0.241667 0.865625 0.239583 0.865625 0.2 0.867188 0.197917 0.867188 0.170833 0.864062 0.166667
11 0.0890625 0.141667 0.0875 0.14375 0.0875 0.629167 0.0890625 0.63125 0.426562 0.63125 0.429688 0.627083 0.429688 0.2625 0.428125 0.260417 0.428125 0.229167 0.429688 0.227083 0.429688 0.145833 0.426562 0.141667
1 0.482812 0.175 0.48125 0.177083 0.48125 0.641667 0.482812 0.64375 0.482812 0.645833 0.5875 0.645833 0.589063 0.64375 0.609375 0.64375 0.610937 0.645833 0.796875 0.645833 0.796875 0.539583 0.798437 0.5375 0.798437 0.285417 0.796875 0.283333 0.796875 0.177083 0.795313 0.177083 0.79375 0.175
11 0.0953125 0.141667 0.09375 0.14375 0.09375 0.627083 0.096875 0.63125 0.43125 0.63125 0.432813 0.629167 0.434375 0.629167 0.434375 0.570833 0.435937 0.56875 0.435937 0.14375 0.434375 0.141667
1 0.482812 0.133333 0.48125 0.135417 0.48125 0.633333 0.482812 0.635417 0.482812 0.6375 0.79375 0.6375 0.795313 0.635417 0.796875 0.635417 0.796875 0.54375 0.798437 0.541667 0.798437 0.297917 0.796875 0.295833 0.796875 0.29375 0.798437 0.291667 0.798437 0.283333 0.796875 0.28125 0.796875 0.179167 0.798437 0.177083 0.798437 0.14375 0.796875 0.141667 0.796875 0.135417 0.795313 0.133333
