11 0.0890625 0.166667 0.0875 0.16875 0.0875 0.635417 0.090625 0.639583 0.182812 0.639583 0.184375 0.6375 0.335938 0.6375 0.3375 0.639583 0.420312 0.639583 0.421875 0.6375 0.428125 0.6375 0.428125 0.633333 0.429688 0.63125 0.429688 0.270833 0.428125 0.26875 0.428125 0.222917 0.429688 0.220833 0.429688 0.170833 0.426562 0.166667 0.417188 0.166667 0.415625 0.16875 0.414062 0.166667
1 0.482812 0.191667 0.48125 0.19375 0.48125 0.641667 0.482812 0.64375 0.482812 0.645833 0.584375 0.645833 0.585938 0.64375 0.621875 0.64375 0.623438 0.645833 0.796875 0.645833 0.796875 0.539583 0.798437 0.5375 0.798437 0.28125 0.796875 0.279167 0.796875 0.19375 0.795313 0.19375 0.79375 0.191667
11 0.0890625 0.158333 0.0875 0.160417 0.0875 0.635417 0.090625 0.639583 0.0921875 0.639583 0.09375 0.6375 0.3 0.6375 0.301562 0.639583 0.315625 0.639583 0.317187 0.6375 0.389062 0.6375 0.390625 0.639583 0.4125 0.639583 0.414062 0.6375 0.428125 0.6375 0.428125 0.63125 0.429688 0.629167 0.429688 0.264583 0.428125 0.2625 0.428125 0.208333 0.429688 0.20625 0.429688 0.1625 0.426562 0.158333
1 0.482812 0.175 0.48125 0.177083 0.48125 0.635417 0.484375 0.639583 0.504687 0.639583 0.50625 0.6375 0.678125 0.6375 0.679688 0.639583 0.717188 0.639583 0.71875 0.6375 0.754687 0.6375 0.75625 0.639583 0.778125 0.639583 0.779688 0.6375 0.795313 0.6375 0.796875 0.635417 0.796875 0.539583 0.798437 0.5375 0.798437 0.2375 0.796875 0.235417 0.796875 0.222917 0.798437 0.220833 0.798437 0.179167 0.795313 0.175
11 0.0953125 0.158333 0.09375 0.160417 0.09375 0.6375 0.0953125 0.639583 0.421875 0.639583 0.423438 0.6375 0.428125 0.6375 0.428125 0.635417 0.429688 0.633333 0.429688 0.233333 0.428125 0.23125 0.428125 0.222917 0.429688 0.220833 0.428125 0.21875 0.428125 0.208333 0.429688 0.20625 0.429688 0.160417 0.428125 0.158333
1 0.482812 0.2 0.48125 0.202083 0.48125 0.635417 0.484375 0.639583 0.50625 0.639583 0.507812 0.6375 0.625 0.6375 0.626562 0.639583 0.639063 0.639583 0.640625 0.6375 0.665625 0.6375 0.667188 0.639583 0.726562 0.639583 0.728125 0.6375 0.753125 0.6375 0.754687 0.639583 0.778125 0.639583 0.779688 0.6375 0.795313 0.6375 0.796875 0.635417 0.796875 0.535417 0.798437 0.533333 0.798437 0.233333 0.796875 0.23125 0.796875 0.20625 0.798437 0.204167 0.795313 0.2
11 0.270312 0.141667 0.26875 0.14375 0.26875 0.627083 0.271875 0.63125 0.584375 0.63125 0.585938 0.629167 0.585938 0.222917 0.584375 0.220833 0.584375 0.1625 0.585938 0.160417 0.585938 0.145833 0.582812 0.141667
1 0.639063 0.166667 0.6375 0.16875 0.6375 0.645833 0.639063 0.647917 0.820312 0.647917 0.821875 0.645833 0.948438 0.645833 0.95 0.647917 0.957812 0.647917 0.960938 0.64375 0.960938 0.170833 0.957812 0.166667
10 0.101562 0.275 0.1 0.277083 0.1 0.670833 0.101562 0.672917 0.134375 0.672917 0.135937 0.670833 0.242188 0.670833 0.24375 0.66875 0.275 0.66875 0.276563 0.670833 0.2875 0.670833 0.289062 0.672917 0.326562 0.672917 0.328125 0.670833 0.357812 0.670833 0.359375 0.66875 0.359375 0.65625 0.360938 0.654167 0.360938 0.277083 0.359375 0.275
1 0.826563 0.2 0.825 0.202083 0.825 0.635417 0.828125 0.639583 0.829687 0.639583 0.83125 0.6375 0.990625 0.6375 0.990625 0.635417 0.992188 0.633333 0.992188 0.202083 0.990625 0.2
11 0.432813 0.158333 0.43125 0.160417 0.43125 0.639583 0.432813 0.641667 0.432813 0.645833 0.582812 0.645833 0.584375 0.647917 0.771875 0.647917 0.773438 0.645833 0.773438 0.33125 0.771875 0.329167 0.771875 0.327083 0.773438 0.325 0.773438 0.316667 0.771875 0.314583 0.771875 0.308333 0.773438 0.30625 0.773438 0.3 0.771875 0.297917 0.771875 0.289583 0.773438 0.2875 0.771875 0.285417 0.771875 0.227083 0.773438 0.225 0.773438 0.160417 0.771875 0.158333
10 0.320312 0.275 0.31875 0.277083 0.31875 0.654167 0.320312 0.65625 0.36875 0.65625 0.370313 0.654167 0.375 0.654167 0.376563 0.65625 0.43125 0.65625 0.432813 0.654167 0.470313 0.654167 0.471875 0.65625 0.576563 0.65625 0.579687 0.652083 0.579687 0.60625 0.578125 0.604167 0.578125 0.277083 0.573438 0.277083 0.571875 0.275
11 0.645312 0.166667 0.64375 0.16875 0.64375 0.654167 0.645312 0.65625 0.820312 0.65625 0.821875 0.654167 0.875 0.654167 0.876562 0.65625 0.965625 0.65625 0.967188 0.654167 0.967188 0.427083 0.965625 0.425 0.965625 0.333333 0.967188 0.33125 0.967188 0.30625 0.965625 0.304167 0.965625 0.291667 0.967188 0.289583 0.967188 0.16875 0.965625 0.166667
11 0.639063 0.15 0.6375 0.152083 0.6375 0.6625 0.639063 0.664583 0.76875 0.664583 0.770312 0.6625 0.93125 0.6625 0.932813 0.664583 0.964063 0.664583 0.967188 0.660417 0.967188 0.439583 0.965625 0.4375 0.965625 0.372917 0.967188 0.370833 0.967188 0.152083 0.965625 0.15
10 0.314063 0.25 0.3125 0.252083 0.3125 0.629167 0.314063 0.63125 0.582812 0.63125 0.585938 0.627083 0.585938 0.608333 0.584375 0.60625 0.584375 0.541667 0.585938 0.539583 0.585938 0.504167 0.584375 0.502083 0.584375 0.445833 0.585938 0.44375 0.585938 0.254167 0.582812 0.25
11 0.645312 0.15 0.64375 0.152083 0.64375 0.6625 0.645312 0.664583 0.820312 0.664583 0.821875 0.6625 0.879687 0.6625 0.88125 0.664583 0.903125 0.664583 0.904688 0.6625 0.929688 0.6625 0.93125 0.664583 0.957812 0.664583 0.960938 0.660417 0.960938 0.152083 0.959375 0.15
10 0.314063 0.275 0.3125 0.277083 0.3125 0.7125 0.314063 0.714583 0.379687 0.714583 0.38125 0.7125 0.425 0.7125 0.426562 0.714583 0.584375 0.714583 0.585938 0.7125 0.585938 0.50625 0.584375 0.504167 0.584375 0.427083 0.585938 0.425 0.585938 0.279167 0.582812 0.275
10 0.314063 0.275 0.3125 0.277083 0.3125 0.6375 0.314063 0.639583 0.371875 0.639583 0.373437 0.6375 0.464063 0.6375 0.465625 0.635417 0.521875 0.635417 0.523438 0.6375 0.578125 0.6375 0.578125 0.614583 0.579687 0.6125 0.579687 0.277083 0.578125 0.275
11 0.645312 0.133333 0.64375 0.135417 0.64375 0.6375 0.645312 0.639583 0.959375 0.639583 0.960938 0.6375 0.960938 0.135417 0.959375 0.133333
10 0.0265625 0.258333 0.025 0.260417 0.025 0.69375 0.0265625 0.695833 0.0265625 0.7 0.028125 0.702083 0.107813 0.702083 0.109375 0.7 0.110937 0.7 0.1125 0.702083 0.164062 0.702083 0.165625 0.704167 0.276563 0.704167 0.278125 0.70625 0.289062 0.70625 0.292188 0.702083 0.292188 0.529167 0.290625 0.527083 0.290625 0.447917 0.292188 0.445833 0.292188 0.2625 0.289062 0.258333
11 0.357812 0.158333 0.35625 0.160417 0.35625 0.645833 0.357812 0.647917 0.378125 0.647917 0.379687 0.645833 0.398438 0.645833 0.4 0.647917 0.4375 0.647917 0.439063 0.645833 0.507812 0.645833 0.509375 0.647917 0.576563 0.647917 0.578125 0.645833 0.6 0.645833 0.601562 0.647917 0.654688 0.647917 0.65625 0.645833 0.678125 0.645833 0.678125 0.641667 0.679688 0.639583 0.679688 0.410417 0.678125 0.408333 0.678125 0.377083 0.679688 0.375 0.679688 0.1625 0.676562 0.158333
1 0.745313 0.158333 0.74375 0.160417 0.74375 0.620833 0.745313 0.622917 0.745313 0.6375 0.778125 0.6375 0.779688 0.639583 0.970312 0.639583 0.973437 0.635417 0.973437 0.39375 0.971875 0.391667 0.971875 0.322917 0.973437 0.320833 0.973437 0.160417 0.971875 0.158333
