11 0.0890625 0.166667 0.0875 0.16875 0.0875 0.63125 0.0890625 0.633333 0.0890625 0.6375 0.20625 0.6375 0.207813 0.635417 0.209375 0.635417 0.210938 0.6375 0.3625 0.6375 0.364062 0.639583 0.417188 0.639583 0.41875 0.6375 0.421875 0.6375 0.421875 0.635417 0.423438 0.633333 0.423438 0.2625 0.421875 0.260417 0.421875 0.172917 0.423438 0.170833 0.420312 0.166667 0.41875 0.16875 0.414062 0.16875 0.4125 0.166667
1 0.482812 0.191667 0.48125 0.19375 0.48125 0.635417 0.482812 0.6375 0.482812 0.645833 0.584375 0.645833 0.585938 0.64375 0.626562 0.64375 0.628125 0.645833 0.64375 0.645833 0.645312 0.64375 0.664062 0.64375 0.665625 0.645833 0.796875 0.645833 0.796875 0.545833 0.798437 0.54375 0.798437 0.3125 0.796875 0.310417 0.798437 0.308333 0.798437 0.3 0.796875 0.297917 0.796875 0.295833 0.798437 0.29375 0.798437 0.195833 0.795313 0.191667
11 0.0953125 0.141667 0.09375 0.14375 0.09375 0.629167 0.0953125 0.63125 0.432813 0.63125 0.434375 0.629167 0.434375 0.55625 0.435937 0.554167 0.435937 0.14375 0.434375 0.141667
1 0.482812 0.141667 0.48125 0.14375 0.48125 0.635417 0.484375 0.639583 0.496875 0.639583 0.498437 0.6375 0.795313 0.6375 0.796875 0.635417 0.796875 0.539583 0.798437 0.5375 0.798437 0.329167 0.796875 0.327083 0.796875 0.2 0.798437 0.197917 0.798437 0.145833 0.795313 0.141667
1 0.782812 0.175 0.78125 0.177083 0.78125 0.635417 0.784375 0.639583 0.84375 0.639583 0.845312 0.6375 0.875 0.6375 0.876562 0.639583 0.910937 0.639583 0.9125 0.6375 0.971875 0.6375 0.971875 0.633333 0.973437 0.63125 0.973437 0.177083 0.971875 0.175
10 0.0578125 0.275 0.05625 0.277083 0.05625 0.710417 0.059375 0.714583 0.154687 0.714583 0.15625 0.7125 0.175 0.7125 0.176563 0.714583 0.334375 0.714583 0.335938 0.7125 0.335938 0.5875 0.334375 0.585417 0.334375 0.425 0.335938 0.422917 0.335938 0.279167 0.332812 0.275
11 0.401563 0.158333 0.4 0.160417 0.4 0.641667 0.401563 0.64375 0.401563 0.645833 0.532812 0.645833 0.534375 0.647917 0.721875 0.647917 0.723437 0.645833 0.723437 0.24375 0.721875 0.241667 0.721875 0.197917 0.723437 0.195833 0.723437 0.1625 0.720312 0.158333
10 0.289062 0.241667 0.2875 0.24375 0.2875 0.670833 0.289062 0.672917 0.417188 0.672917 0.41875 0.670833 0.49375 0.670833 0.495313 0.672917 0.517187 0.672917 0.51875 0.670833 0.565625 0.670833 0.567187 0.672917 0.570312 0.672917 0.573438 0.66875 0.573438 0.245833 0.570312 0.241667
11 0.626562 0.141667 0.625 0.14375 0.625 0.654167 0.626562 0.65625 0.951563 0.65625 0.954687 0.652083 0.954687 0.222917 0.953125 0.220833 0.953125 0.177083 0.954687 0.175 0.954687 0.145833 0.951563 0.141667
11 0.645312 0.141667 0.64375 0.14375 0.64375 0.654167 0.645312 0.65625 0.759375 0.65625 0.760938 0.654167 0.78125 0.654167 0.782812 0.65625 0.815625 0.65625 0.817187 0.654167 0.879687 0.654167 0.88125 0.65625 0.965625 0.65625 0.967188 0.654167 0.967188 0.422917 0.965625 0.420833 0.965625 0.366667 0.967188 0.364583 0.967188 0.14375 0.965625 0.141667
10 0.314063 0.275 0.3125 0.277083 0.3125 0.670833 0.314063 0.672917 0.589063 0.672917 0.592188 0.66875 0.592188 0.604167 0.590625 0.602083 0.590625 0.533333 0.592188 0.53125 0.592188 0.527083 0.590625 0.525 0.590625 0.429167 0.592188 0.427083 0.592188 0.279167 0.589063 0.275
